1 9 female 13 6.3152956461
2 12 female 12 5.4797699786
3 11 female 11 3.6421699174
4 9 female 14 4.5933365997
5 8 female 14 2.4181574607
6 9 female 14 2.0940581101
7 8 female 12 5.5120039196
8 10 female 12 3.5484271597
9 12 female 10 5.8182263596
10 7 female 12 3.8277804998
11 10 female 14 6.736893679
12 10 female 13 12.86134247
13 10 female 13 7.655560999
14 9 female 10 2.4497795198
15 10 female 13 6.105662146
16 3 female 15 8.2680058795
17 9 female 14 1.8624054829
18 13 female 11 3.980891719
19 10 female 12 4.763460177
20 11 female 12 6.380595586
21 8 female 14 5.6311238472
22 7 female 11 2.4880573248
23 7 female 14 1.2237382772
24 5 female 12 1.3456535391
25 5 female 14 0.7511116452
26 10 female 14 11.33023027
27 11 female 12 3.894757656
28 6 female 13 2.9985152513
29 11 female 12 3.267896187
30 9 female 12 1.3551971812
31 10 female 14 4.287114159
32 11 female 12 7.624938755
33 11 female 13 4.443786105
34 5 female 12 1.1342814763
35 5 female 15 9.0641842234
36 12 female 12 3.980891719
37 11 female 12 3.450705237
38 4 female 14 8.0967289215
39 10 female 13 8.735213830